I 13:53:45.063] Rx <= 
0000 68 09 09 68 53 32 07 81 09 32 FF 00 C0 07 16
I 13:53:45.073] Rx <= 
0000 68 13 13 68 28 32 2A 0A 09 32 80 20 01 01 01 
000F 01 01 01 01 01 01 01 C0 33 16
I 13:53:45.163] Rx <= 
0000 68 0e 0e 68 28 32 01 81 09 32 80 80 01 05 6a 
000F 0c 01 00 94 16
I 13:53:45.183] Rx <= 
0000 68 0E 0E 68 28 32 01 81 01 32 80 7B 02 E4 8F 
000F 04 09 00 8C 16
I 13:53:45.193] Rx <= 
0000 68 12 12 68 28 32 02 81 01 32 80 D3 02 00 00 
000F 37 05 D4 8F 04 09 00 11 16 
I 13:53:45.293] Rx <= 
0000 68 d2 d2 68 28 32 0a 81 2a 32 fe f1 00 94 09 
000F 01 01 07 04 01 00 00 56 3b 09 02 01 07 04 01 
001E 00 00 00 80 09 03 01 07 04 01 00 00 7e 3b 09 
002D 04 01 07 04 01 00 00 00 80 09 05 01 07 04 01 
003C 00 00 01 3b 09 06 01 07 04 01 00 00 00 80 09 
004B 07 01 07 04 01 00 00 e3 3b 09 08 01 07 04 01 
005A 00 00 00 80 09 09 01 07 04 01 00 00 3f 3b 09 
0069 0a 01 07 04 01 00 00 00 80 09 0b 01 07 04 01 
0078 00 00 4f 3b 09 0c 01 07 04 01 00 00 00 80 09 
0087 0d 01 07 04 01 00 00 b0 3a 09 0e 01 07 04 01 
0096 00 00 00 80 09 0f 01 07 04 01 00 00 8c 3b 09 
00A5 10 01 07 04 01 00 00 00 80 09 11 01 07 04 01 
00B4 00 00 15 3b 09 12 01 07 04 01 00 00 00 80 09 
00C3 13 01 07 04 01 00 00 a6 3a 09 14 01 07 04 01 
00D2 00 00 00 80 d7 16
I 13:53:45.393] Rx <= 
0000 68 2F 2F 68 08 32 0A 81 2A 32 FE F1 00 04 0E 
000F 00 01 03 01 01 04 0E 01 01 03 04 01 00 00 00 
001E 00 0E 02 01 07 04 01 0C 8F 6C 3D 0E 03 01 07 
002D 04 01 A7 31 35 3C 0C 16
I 13:53:45.493] Rx <=
0000 68 11 11 68 08 32 0a 81 2c 32 fe f9 00 01 0b 
000F 01 01 03 01 01 01 2e 16
I 13:53:45.593] Rx <=
0000 68 0a 0a 68 53 32 0a 81 28 32 fe fa 00 00 62 
000F 16
