I 13:53:45.063] Rx <= 
0000 68 09 09 68 53 32 07 81 09 32 FF 00 C0 07 16
000F 
I 13:53:45.073] Rx <= 
0000 68 13 13 68 28 32 2A 0A 09 32 80 20 01 01 01 
000F 01 01 01 01 01 01 01 C0 33 16
001E 
I 13:53:45.163] Rx <= 
0000 68 0e 0e 68 28 32 01 81 09 32 80 80 01 05 6a 
000F 0c 01 00 94 16
001E 
I 13:53:45.183] Rx <= 
0000 68 0E 0E 68 28 32 01 81 01 32 80 7B 02 E4 8F 
000F 04 09 00 8C 16
001E 
I 13:53:45.193] Rx <= 
0000 68 12 12 68 28 32 02 81 01 32 80 D3 02 00 00 
000F 37 05 D4 8F 04 09 00 11 16 
001E 
I 13:53:45.293] Rx <= 
0000 68 d2 d2 68 28 32 0a 81 2a 32 fe f1 00 94 09 
000F 01 01 07 04 01 00 00 56 3b 09 02 01 07 04 01 
001E 00 00 00 80 09 03 01 07 04 01 00 00 7e 3b 09 
002D 04 01 07 04 01 00 00 00 80 09 05 01 07 04 01 
003C 00 00 01 3b 09 06 01 07 04 01 00 00 00 80 09 
